QGC WPL 110
0	0	0	16	0.000000	0.000000	0.000000	0.000000	27.210227	71.189552	0.090000	1
1	0	3	16	0.000000	0.000000	0.000000	0.000000	27.211460	71.190824	100.000000	1
2	0	3	16	0.000000	0.000000	0.000000	0.000000	27.209827	71.190973	100.000000	1
3	0	3	16	0.000000	0.000000	0.000000	0.000000	27.208918	71.189446	100.000000	1
4	0	3	16	0.000000	0.000000	0.000000	0.000000	27.210276	71.188161	100.000000	1
5	0	3	16	0.000000	0.000000	0.000000	0.000000	27.211848	71.188092	100.000000	1
6	0	3	16	0.000000	0.000000	0.000000	0.000000	27.211817	71.189630	100.000000	1
7	0	3	16	0.000000	0.000000	0.000000	0.000000	27.211613	71.190629	100.000000	1
8	0	3	16	0.000000	0.000000	0.000000	0.000000	27.211480	71.192167	100.000000	1
